{
  "id": "provetiketter",
  "title": "etiketter",
  "version": "1.1.0",
  "currency": "SEK",

  "options": [
    {
      "id": "size",
      "label": "Storlek (B × H)",
      "type": "select",
      "default": "custom",
      "choices": [
        { "value": "custom", "code": "custom", "label": "Egen storlek (cm)" }
      ],
      "ui": { "component": "shared-select" },
      "export": true
    }
  ],

  "tables": {
    "unit_price_custom_by_cm": {
      "rows": [4,5,6,7,8,9,10,11,12,13,14,15,16,17,18,19,20,21,22,23,24,25,26,27,28,29,30],
      "cols": [4,5,6,7,8,9,10,11,12,13,14,15,16,17,18,19,20,21,22,23,24,25,26,27,28,29,30],
      "data": [
        [1.49,1.876,1.88,2.62,3,1.876,1.876,4.12,4.12,4.12,1.876,3.75,3.95,4.225,4.47,4.72,4.97,5.12,5.46,5.715,5.96,6.21,6.21,6.21,6.21,6.21,6.21],
        [1.876,2.34,2.81,3.28,3.74,2.34,2.34,4.6,3.7,4.03,2.34,4.97,5.28,5.59,5.9,6.21,6.21,6.21,6.21,6.23,6.24,6.25,6.26,6.27,6.28,6.29,6.3],
        [1.88,2.81,2.81,3.89,4.49,2.81,2.81,4.51,4.52,4.845,2.81,5.59,5.96,5.98,4.56,5.96,5.59,6.32,6.4,6.5,6.6,6.7,6.8,6.9,7,7,7],
        [2.62,3.28,3.89,3.74,4.2,3.28,3.28,4.78,5.2,5.65,3.28,6.085,6.089,4.78,6.1,6.2,6.2,6.42,6.53,6.54,6.55,6.56,6.57,6.58,7.3,7.8,7.6],
        [3,3.74,3.89,3.74,3.975,3.74,3.74,4.78,5.96,6.085,3.74,6.53,6.54,6.55,6.56,6.57,6.58,7.3,6.53,6.54,6.55,6.56,6.57,6.58,7.3,7.8,7.6],
        [3.375,4.2,3.89,3.74,3.74,3.89,4.2,4.48,6.53,6.54,4.2,6.56,6.57,6.58,7.3,7.8,7.6,8,6.53,6.54,6.55,6.56,6.57,6.58,7.3,7.8,7.8],
        [3.745,4.6,3.89,3.74,3.74,3.89,4.6,5.465,6.58,7.3,4.6,7.6,8,8.1,8.231,8.3,8.32,8.45,8.56,7.3,7.8,7.6,7.3,7.8,7.6,7.3,8.56],
        [4.12,4.6,3.89,3.74,5.465,3.89,4.6,6.58,7.3,7.8,4.6,7.3,7.8,7.6,8.3,7.62,7.62,7.62,7.62,7.62,8.32,8.45,8.56,8.45,8.56,8.56,8.56],
        [4.12,3.7,3.89,5.2,5.96,3.7,3.7,7.3,5.76,5.76,3.7,6.53,6.58,7.8,7.6,8.3,7.62,7.62,7.62,7.62,7.62,8.32,8.45,8.56,8.45,8.56,8.56],
        [4.12,4.03,4.845,5.65,6.085,3.89,4.03,7.8,5.76,5.32,4.03,5.79,5.82,5.85,4.89,5.82,5.82,6.82,6.82,6.72,6.72,6.72,6.72,6.72,8.45,8.56,10.025],
        [4.12,4.34,5.2,6.085,4.48,3.89,4.34,7.6,5.96,5.73,4.34,6.615,7.05,7.495,7.495,7.495,6.615,6.615,7.35,7.685,8.02,8.3,8.46,9.025,9.375,9.69,10.74],
        [3.75,4.97,5.59,6.085,6.53,4.97,4.97,7.3,6.53,5.79,4.97,7.085,7.555,7.555,6.615,6.805,7.16,7.525,7.88,8.335,8.595,9.31,9.67,10.025,10.385,10.385,10.97],
        [3.95,5.28,5.96,6.089,6.54,5.28,5.28,7.8,6.58,5.82,5.28,7.555,6.11,6.45,6.85,7.255,7.64,8.025,8.405,8.785,9.16,9.55,9.93,10.315,10.385,10.74,10.97],
        [4.225,5.59,5.98,4.78,6.55,5.59,5.59,7.6,7.8,5.85,5.59,7.555,6.45,6.9,7.3,7.71,8.115,8.52,8.93,9.335,9.74,10.145,10.55,10.99,11.365,11.77,11],
        [4.47,5.9,4.56,6.1,6.56,5.9,5.9,8.3,7.6,4.89,5.9,6.615,6.85,7.3,7.735,8.115,8.52,8.93,9.335,9.74,10.145,10.55,10.99,11.365,11.77,10.97,11.935],
        [4.72,6.21,5.96,6.2,6.57,7.8,8.3,7.62,8.3,5.82,7.495,6.805,7.255,7.71,8.115,8.62,9,9.52,9.98,10.43,10.885,11.34,11.795,11.795,11.795,11.795,11.935],
        [4.97,6.21,5.59,6.2,6.58,7.6,8.32,7.62,7.62,5.82,6.615,7.16,7.64,8.115,8.52,9,9.55,10.025,10.505,10.98,11.46,11.935,11.935,11.46,11.935,11.935,12],
        [5.12,6.21,6.32,6.42,7.3,8,8.45,7.62,7.62,6.82,6.615,7.525,8.025,8.52,8.93,9.52,10.025,10.525,10.03,11.53,11.935,11.935,11.46,11.935,11.935,11.935,9.49],
        [5.46,6.21,6.4,6.53,6.53,6.53,8.56,7.62,7.62,6.82,7.35,7.88,8.405,8.93,9.335,9.98,10.505,10.03,11.55,11.55,9.49,9.49,9.49,10.315,9.49,9.49,11.935],
        [5.715,6.23,6.5,6.54,6.54,6.54,7.3,7.62,7.62,6.72,7.685,8.335,8.785,9.335,8.32,7.62,8.32,7.62,11.55,9.125,9.52,9.92,10.315,11.77,10.97,11,12],
        [5.96,6.24,6.6,6.55,6.55,6.55,7.8,8.32,7.62,6.72,8.32,7.62,8.32,7.62,8.45,8.32,8.45,8.32,9.49,9.52,9.92,10.315,11.77,10.97,11,11.935,12.1],
        [6.21,6.25,6.7,6.56,6.56,6.56,7.6,8.45,8.32,6.72,8.45,8.32,8.45,8.32,8.56,8.45,8.56,8.45,9.49,9.92,10.315,11.77,10.97,10.97,10.97,10.97,12.2],
        [6.21,6.26,6.8,6.57,6.57,6.57,7.3,8.56,8.45,6.72,8.56,8.45,8.56,8.45,8.45,8.56,8.45,8.56,9.49,10.315,11.77,10.97,11,11,11,11,12.2],
        [6.21,6.27,6.9,6.58,6.58,6.58,7.8,8.45,8.56,6.72,8.45,8.56,8.45,8.56,8.56,8.45,8.56,8.45,10.315,11.77,10.97,11,11.935,11.935,11.935,11.935,12.2],
        [6.21,6.28,7,7.3,7.3,7.3,7.6,8.56,8.45,8.45,8.56,8.45,8.56,8.45,8.56,8.56,8.56,8.56,9.49,10.97,11,11.935,12,12,12,12,12.2],
        [6.21,6.29,7,7.8,7.8,7.8,7.3,8.56,8.56,8.56,8.56,8.56,8.56,8.56,8.56,8.56,8.56,8.56,9.49,11,11.935,12,12.1,12.1,12.1,12.1,12.2],
        [6.3,6.3,7,7.6,7.6,7.6,7.8,8.56,8.56,8.56,8.56,8.56,8.56,8.56,7.8,7.8,7.8,7.8,9.49,11.935,12,12.1,12.2,12.2,12.2,12.2,12.2]
      ]
    }
  },

  "formulas": {
    "unit_price": "(Number(size_w_cm)>0 && Number(size_h_cm)>0) ? table('unit_price_custom_by_cm', size_h_cm, size_w_cm) : 0",
    "total_price": "unit"   // visa styckpriset direkt
  },

  "export": ["size_w_cm","size_h_cm"]
}
